dblbt_ns3_model 1
schema_version 1
num_arms 24
context_dim 11
ridge 1
exploration 0.5
action_grid_hash 558da7340dfa32d8cc484ba68a05951314936d7aff34a145cc34ea051c07707c
source_model_sha256 70611e9712e3a8e4b0f35fc8e0e616f4fde9a20b17c844f1b6406da2833301e6
profiles 24
profile 0 5 11 2 4 15
profile 1 5 11 2 4 31
profile 2 5 11 2 6 15
profile 3 5 11 2 6 31
profile 4 5 11 2 10 15
profile 5 5 11 2 10 31
profile 6 5 11 3 4 15
profile 7 5 11 3 4 31
profile 8 5 11 3 6 15
profile 9 5 11 3 6 31
profile 10 5 11 3 10 15
profile 11 5 11 3 10 31
profile 12 7 11 2 4 15
profile 13 7 11 2 4 31
profile 14 7 11 2 6 15
profile 15 7 11 2 6 31
profile 16 7 11 2 10 15
profile 17 7 11 2 10 31
profile 18 7 11 3 4 15
profile 19 7 11 3 4 31
profile 20 7 11 3 6 15
profile 21 7 11 3 6 31
profile 22 7 11 3 10 15
profile 23 7 11 3 10 31
A_rows 264
A 0 0 18712.390043009138 32832.958601611055 24960.865142242554 3151.7431595292051 33289.434245548597 44160.022971454215 1813.8802856476907 45896.531229968619 19595.234308692994 16063.510379713833 3151.7431595292051
A 0 1 32832.958601611055 773722.6927537733 676636.96077318746 205709.63437429574 137065.40135738871 158978.11921168689 711440.01702682476 144405.13079978633 34737.007135312248 108842.27509935813 205709.63437429574
A 0 2 24960.865142242554 676636.96077318746 603474.16021349118 185919.68524661168 100897.83294625978 125518.391566875 629099.51654449885 112755.41927979083 26434.575387640085 85412.996989738283 185919.68524661168
A 0 3 3151.7431595292051 205709.63437429574 185919.68524661168 65808.378520521772 25214.373096728752 28996.377925962304 199481.11636746582 20690.957415830129 3358.9447239364872 21207.85461760245 65807.378520521772
A 0 4 33289.434245548597 137065.40135738871 100897.83294625978 25214.373096728752 86698.051831598117 95280.851241051161 80464.223309943365 94194.914768875082 34868.799077803349 45578.407336856173 25214.373096728752
A 0 5 44160.022971454215 158978.11921168689 125518.391566875 28996.377925962304 95280.851241051161 119604.78412370008 82680.208476886735 119639.33268460122 46422.359219555969 50733.863309331369 28996.377925962304
A 0 6 1813.8802856476907 711440.01702682476 629099.51654449885 199481.11636746582 80464.223309943365 82680.208476886735 707721.26285582606 61060.591592165307 1820.9942821066059 80216.439135273453 199481.11636746582
A 0 7 45896.531229968619 144405.13079978633 112755.41927979083 20690.957415830129 94194.914768875082 119639.33268460122 61060.591592165307 167258.59642577 48378.82286332365 50300.703841266142 20690.957415830129
A 0 8 19595.234308692994 34737.007135312248 26434.575387640085 3358.9447239364872 34868.799077803349 46422.359219555969 1820.9942821066059 48378.82286332365 20738.030025105953 16920.558177109073 3358.9447239364872
A 0 9 16063.510379713833 108842.27509935813 85412.996989738283 21207.85461760245 45578.407336856173 50733.863309331369 80216.439135273453 50300.703841266142 16920.558177109073 28004.761880043301 21207.85461760245
A 0 10 3151.7431595292051 205709.63437429574 185919.68524661168 65807.378520521772 25214.373096728752 28996.377925962304 199481.11636746582 20690.957415830129 3358.9447239364872 21207.85461760245 65808.378520521772
A 1 0 18712.390043009142 32832.958601611084 24960.865142242492 3151.7431595291901 33289.434245548699 44160.022971454215 1813.8802856476912 45896.53122996859 19595.234308690477 16063.510379713895 3151.7431595291901
A 1 1 32832.958601611084 773722.69275377283 676636.96077647875 205709.63437426061 137065.40135805719 158978.11921275649 711440.01702682371 144405.13079981139 34737.007135312633 108842.27509933514 205709.63437426061
A 1 2 24960.865142242492 676636.96077647875 603474.16021526372 185919.68524705476 100897.83294627178 125518.39156641526 629099.51654858585 112755.41927978783 26434.575387639896 85412.996990051019 185919.68524705476
A 1 3 3151.7431595291901 205709.63437426061 185919.68524705476 65808.378520693062 25214.373096741241 28996.377926082365 199481.11636736887 20690.957415830431 3358.944723936439 21207.85461759974 65807.378520693033
A 1 4 33289.434245548699 137065.40135805719 100897.83294627178 25214.373096741241 86698.051831913312 95280.851241084893 80464.22331007458 94194.914768874078 34868.799077801057 45578.407336797034 25214.373096741241
A 1 5 44160.022971454215 158978.11921275649 125518.39156641526 28996.377926082365 95280.851241084893 119604.78412409147 82680.208476825384 119639.33268460805 46422.359219555015 50733.863309261251 28996.377926082365
A 1 6 1813.8802856476912 711440.01702682371 629099.51654858585 199481.11636736887 80464.22331007458 82680.208476825384 707721.26285582571 61060.591592164972 1820.9942821068728 80216.439135250475 199481.11636736887
A 1 7 45896.53122996859 144405.13079981139 112755.41927978783 20690.957415830431 94194.914768874078 119639.33268460805 61060.591592164972 167258.59642576781 48378.82286332349 50300.703841265946 20690.957415830431
A 1 8 19595.234308690477 34737.007135312633 26434.575387639896 3358.944723936439 34868.799077801057 46422.359219555015 1820.9942821068728 48378.82286332349 20738.030025101711 16920.558177109044 3358.944723936439
A 1 9 16063.510379713895 108842.27509933514 85412.996990051019 21207.85461759974 45578.407336797034 50733.863309261251 80216.439135250475 50300.703841265946 16920.558177109044 28004.761879996477 21207.85461759974
A 1 10 3151.7431595291901 205709.63437426061 185919.68524705476 65807.378520693033 25214.373096741241 28996.377926082365 199481.11636736887 20690.957415830431 3358.944723936439 21207.85461759974 65808.378520693062
A 2 0 17992.915081296789 32626.666361725504 24438.405059995122 3010.8205300425384 32684.459515768231 43691.117905500112 1728.490151385439 45393.536815144071 18443.762630267916 16060.723007382383 3010.8205300425384
A 2 1 32626.666361725504 774982.75219525851 676585.04732212028 205551.88059324218 138299.03741991011 160768.81690635305 711456.32983565866 146069.85941940901 33825.664891372755 109905.02103147919 205551.88059324218
A 2 2 24438.405059995122 676585.04732212028 602909.90970636823 185680.07607819614 100880.03237821018 125912.65673361527 629034.76254587574 113001.99466719347 25366.074636838923 85566.889562541517 185680.07607819614
A 2 3 3010.8205300425384 205551.88059324218 185680.07607819614 65748.280457820772 25158.774174185924 28902.493513631074 199464.18391516214 20559.002427765023 3144.357553860209 21180.890906356355 65747.280457820714
A 2 4 32684.459515768231 138299.03741991011 100880.03237821018 25158.774174185924 87172.425596691712 96103.644555610925 80458.320709910375 95021.663424043829 33519.387241846598 46565.615937020368 25158.774174185924
A 2 5 43691.117905500112 160768.81690635305 125912.65673361527 28902.493513631074 96103.644555610925 121385.58507849619 82647.629413166927 121491.78114656698 44992.24052976325 51925.135385669535 28902.493513631074
A 2 6 1728.490151385439 711456.32983565866 629034.76254587574 199464.18391516214 80458.320709910375 82647.629413166927 707713.97278416355 61039.947072393159 1690.7307657555532 80227.522204039546 199464.18391516214
A 2 7 45393.536815144071 146069.85941940901 113001.99466719347 20559.002427765023 95021.663424043829 121491.78114656698 61039.947072393159 169054.90718623943 46879.414758488034 51483.565366949973 20559.002427765023
A 2 8 18443.762630267916 33825.664891372755 25366.074636838923 3144.357553860209 33519.387241846598 44992.24052976325 1690.7307657555532 46879.414758488034 19078.099510128097 16572.593641364718 3144.357553860209
A 2 9 16060.723007382383 109905.02103147919 85566.889562541517 21180.890906356355 46565.615937020368 51925.135385669535 80227.522204039546 51483.565366949973 16572.593641364718 28840.543676425164 21180.890906356355
A 2 10 3010.8205300425384 205551.88059324218 185680.07607819614 65747.280457820714 25158.774174185924 28902.493513631074 199464.18391516214 20559.002427765023 3144.357553860209 21180.890906356355 65748.280457820772
A 3 0 17992.915081296687 32626.666361725616 24438.40505999505 3010.8205300425243 32684.459515768089 43691.11790550025 1728.4901513854361 45393.536815143998 18443.762630267611 16060.723007382248 3010.8205300425243
A 3 1 32626.666361725616 774982.75219525851 676585.0473224154 205551.88059304023 138299.03741971595 160768.81690629831 711456.32983565843 146069.85941941623 33825.664891372107 109905.02103150846 205551.88059304023
A 3 2 24438.40505999505 676585.0473224154 602909.9097068141 185680.07607828989 100880.03237827876 125912.65673365592 629034.76254675223 113001.99466719721 25366.074636838999 85566.889562575801 185680.07607828989
A 3 3 3010.8205300425243 205551.88059304023 185680.07607828989 65748.280457997142 25158.774174172187 28902.493513574489 199464.18391513897 20559.002427764077 3144.357553860194 21180.890906374909 65747.280457997156
A 3 4 32684.459515768089 138299.03741971595 100880.03237827876 25158.774174172187 87172.425596146291 96103.644555327555 80458.320709903608 95021.663424044382 33519.387241844212 46565.615937134593 25158.774174172187
A 3 5 43691.11790550025 160768.81690629831 125912.65673365592 28902.493513574489 96103.644555327555 121385.58507818365 82647.629413300514 121491.78114655812 44992.240529761257 51925.13538584888 28902.493513574489
A 3 6 1728.4901513854361 711456.32983565843 629034.76254675223 199464.18391513897 80458.320709903608 82647.629413300514 707713.9727841639 61039.947072393217 1690.7307657555903 80227.522204034351 199464.18391513897
A 3 7 45393.536815143998 146069.85941941623 113001.99466719721 20559.002427764077 95021.663424044382 121491.78114655812 61039.947072393217 169054.90718623972 46879.414758485502 51483.56536695089 20559.002427764077
A 3 8 18443.762630267611 33825.664891372107 25366.074636838999 3144.357553860194 33519.387241844212 44992.240529761257 1690.7307657555903 46879.414758485502 19078.099510128599 16572.593641364612 3144.357553860194
A 3 9 16060.723007382248 109905.02103150846 85566.889562575801 21180.890906374909 46565.615937134593 51925.13538584888 80227.522204034351 51483.56536695089 16572.593641364612 28840.543676495334 21180.890906374909
A 3 10 3010.8205300425243 205551.88059304023 185680.07607828989 65747.280457997156 25158.774174172187 28902.493513574489 199464.18391513897 20559.002427764077 3144.357553860194 21180.890906374909 65748.280457997142
A 4 0 17334.252492032148 32411.828039238575 23872.102551234268 2853.442609856148 32218.627284978451 43385.804645965225 1686.1849505053954 44951.238666357713 17500.276756943978 16082.436437067672 2853.442609856148
A 4 1 32411.828039238575 776139.09142949595 676398.70623896807 205322.65514988892 139564.52735831312 162797.4891849524 711453.98989590141 147742.54138107647 33119.837903332445 110963.5907996219 205322.65514988892
A 4 2 23872.102551234268 676398.70623896807 602218.06007547339 185381.35278433777 100888.01752448901 126472.35754005921 628986.76230660407 113145.1361073031 24413.763542823082 85683.544456403572 185381.35278433777
A 4 3 2853.442609856148 205322.65514988892 185381.35278433777 65675.624280742675 25084.86753273692 28780.677519500226 199447.00045634169 20347.590866062423 2941.1322429037964 21135.155190541082 65674.62428074269
A 4 4 32218.627284978451 139564.52735831312 100888.01752448901 25084.86753273692 87753.089805105323 97206.348179283916 80463.834941712572 96054.387795515562 32570.53430502443 47580.228553155976 25084.86753273692
A 4 5 43385.804645965225 162797.4891849524 126472.35754005921 28780.677519500226 97206.348179283916 123805.09037512417 82667.981936627228 123818.02671373149 44022.698592862384 53218.522823308958 28780.677519500226
A 4 6 1686.1849505053954 711453.98989590141 628986.76230660407 199447.00045634169 80463.834941712572 82667.981936627228 707713.06373286981 61038.499281422133 1640.4557097998197 80240.535004157049 199447.00045634169
A 4 7 44951.238666357713 147742.54138107647 113145.1361073031 20347.590866062423 96054.387795515562 123818.02671373149 61038.499281422133 171094.14790676886 45739.0231028536 52723.729692184017 20347.590866062423
A 4 8 17500.276756943978 33119.837903332445 24413.763542823082 2941.1322429037964 32570.53430502443 44022.698592862384 1640.4557097998197 45739.0231028536 17815.005131927748 16359.630038211235 2941.1322429037964
A 4 9 16082.436437067672 110963.5907996219 85683.544456403572 21135.155190541082 47580.228553155976 53218.522823308958 80240.535004157049 52723.729692184017 16359.630038211235 29694.845505113743 21135.155190541082
A 4 10 2853.442609856148 205322.65514988892 185381.35278433777 65674.62428074269 25084.86753273692 28780.677519500226 199447.00045634169 20347.590866062423 2941.1322429037964 21135.155190541082 65675.624280742675
A 5 0 17334.252492032105 32411.828039238513 23872.102551234326 2853.4426098561498 32218.627284978345 43385.804645965254 1686.1849505053947 44951.23866635788 17500.276756944957 16082.436437067547 2853.4426098561498
A 5 1 32411.828039238513 776139.09142949618 676398.70623927529 205322.65514973467 139564.52735799731 162797.48918394448 711453.98989590153 147742.54138106052 33119.837903332256 110963.59079970121 205322.65514973467
A 5 2 23872.102551234326 676398.70623927529 602218.06007425813 185381.35278419466 100888.0175245007 126472.35754010173 628986.7623068071 113145.13610730699 24413.763542823217 85683.544456311021 185381.35278419466
A 5 3 2853.4426098561498 205322.65514973467 185381.35278419466 65675.624280760516 25084.867532718417 28780.677519480672 199447.00045632359 20347.590866061983 2941.1322429035536 21135.155190546582 65674.62428076053
A 5 4 32218.627284978345 139564.52735799731 100888.0175245007 25084.867532718417 87753.08980450817 97206.348179179418 80463.834941944704 96054.387795523056 32570.534305026678 47580.228553072848 25084.867532718417
A 5 5 43385.804645965254 162797.48918394448 126472.35754010173 28780.677519480672 97206.348179179418 123805.09037488504 82667.981937039003 123818.0267137334 44022.698592863009 53218.522823301275 28780.677519480672
A 5 6 1686.1849505053947 711453.98989590153 628986.7623068071 199447.00045632359 80463.834941944704 82667.981937039003 707713.06373287085 61038.499281421849 1640.4557097997492 80240.535004214704 199447.00045632359
A 5 7 44951.23866635788 147742.54138106052 113145.13610730699 20347.590866061983 96054.387795523056 123818.0267137334 61038.499281421849 171094.1479067716 45739.023102855594 52723.729692183115 20347.590866061983
A 5 8 17500.276756944957 33119.837903332256 24413.763542823217 2941.1322429035536 32570.534305026678 44022.698592863009 1640.4557097997492 45739.023102855594 17815.005131928116 16359.630038211366 2941.1322429035536
A 5 9 16082.436437067547 110963.59079970121 85683.544456311021 21135.155190546582 47580.228553072848 53218.522823301275 80240.535004214704 52723.729692183115 16359.630038211366 29694.845505106958 21135.155190546582
A 5 10 2853.4426098561498 205322.65514973467 185381.35278419466 65674.62428076053 25084.867532718417 28780.677519480672 199447.00045632359 20347.590866061983 2941.1322429035536 21135.155190546582 65675.624280760516
A 6 0 25419.030395422342 33891.741086263472 28186.999033658158 3381.3604745195248 40305.727974939182 52528.760121389401 1967.403013576806 52297.958747259625 28435.828913292498 16241.02446703731 3381.3604745195248
A 6 1 33891.741086263472 764170.48743205494 675606.2557351985 205719.07830245132 128834.95411991622 151814.46065268695 711448.02195591864 133962.86928493858 38806.003269105218 101461.46041153462 205719.07830245132
A 6 2 28186.999033658158 675606.2557351985 605379.66063872341 186126.67123438427 102228.88366227697 129055.07967331396 629266.62569819915 112343.78363502379 32660.649409485846 84135.517852657256 186126.67123438427
A 6 3 3381.3604745195248 205719.07830245132 186126.67123438427 65825.243505512844 25341.008021071193 29473.849175431038 199496.21048407818 20576.455964711673 3987.1700661452728 21153.502825927117 65824.243505513034
A 6 4 40305.727974939182 128834.95411991622 102228.88366227697 25341.008021071193 85571.272662408912 94569.263143963224 80505.462211375416 92076.954461614005 44614.314308805951 38774.163690175032 25341.008021071193
A 6 5 52528.760121389401 151814.46065268695 129055.07967331396 29473.849175431038 94569.263143963224 121384.03641928517 82873.292304583476 117638.63515119415 59126.274935016547 43925.664930888248 29473.849175431038
A 6 6 1967.403013576806 711448.02195591864 629266.62569819915 199496.21048407818 80505.462211375416 82873.292304583476 707735.15478924126 61086.517176078603 2129.2227802914604 80121.526985049859 199496.21048407818
A 6 7 52297.958747259625 133962.86928493858 112343.78363502379 20576.455964711673 92076.954461614005 117638.63515119415 61086.517176078603 161285.07438844812 59019.301781785689 42718.596248400565 20576.455964711673
A 6 8 28435.828913292498 38806.003269105218 32660.649409485846 3987.1700661452728 44614.314308805951 59126.274935016547 2129.2227802914604 59019.301781785689 32252.989365637593 18209.932487863331 3987.1700661452728
A 6 9 16241.02446703731 101461.46041153462 84135.517852657256 21153.502825927117 38774.163690175032 43925.664930888248 80121.526985049859 42718.596248400565 18209.932487863331 22383.56243972111 21153.502825927117
A 6 10 3381.3604745195248 205719.07830245132 186126.67123438427 65824.243505513034 25341.008021071193 29473.849175431038 199496.21048407818 20576.455964711673 3987.1700661452728 21153.502825927117 65825.243505512844
A 7 0 25419.030395422273 33891.741086263573 28186.999033658063 3381.3604745194898 40305.727974939233 52528.760121389321 1967.403013576803 52297.958747259618 28435.828913289624 16241.024467037152 3381.3604745194898
A 7 1 33891.741086263573 764170.48743205483 675606.25573156995 205719.07830198365 128834.95412000215 151814.46065242871 711448.02195591875 133962.86928493521 38806.003269103749 101461.46041153806 205719.07830198365
A 7 2 28186.999033658063 675606.25573156995 605379.66063350893 186126.67123427481 102228.88366243536 129055.07967348369 629266.6256945387 112343.78363502708 32660.649409486054 84135.517852467106 186126.67123427481
A 7 3 3381.3604745194898 205719.07830198365 186126.67123427481 65825.243505761013 25341.008021051952 29473.849175407522 199496.21048386773 20576.455964711808 3987.1700661452978 21153.502825895939 65824.243505761027
A 7 4 40305.727974939233 128834.95412000215 102228.88366243536 25341.008021051952 85571.272662768955 94569.263144491881 80505.4622116018 92076.954461614005 44614.314308806213 38774.163690064575 25341.008021051952
A 7 5 52528.760121389321 151814.46065242871 129055.07967348369 29473.849175407522 94569.263144491881 121384.03641903101 82873.292304919392 117638.63515119182 59126.274935013535 43925.664930776766 29473.849175407522
A 7 6 1967.403013576803 711448.02195591875 629266.6256945387 199496.21048386773 80505.4622116018 82873.292304919392 707735.15478924126 61086.517176078472 2129.222780291675 80121.526985006189 199496.21048386773
A 7 7 52297.958747259618 133962.86928493521 112343.78363502708 20576.455964711808 92076.954461614005 117638.63515119182 61086.517176078472 161285.07438844503 59019.301781783535 42718.596248400565 20576.455964711808
A 7 8 28435.828913289624 38806.003269103749 32660.649409486054 3987.1700661452978 44614.314308806213 59126.274935013535 2129.222780291675 59019.301781783535 32252.989365626698 18209.932487863451 3987.1700661452978
A 7 9 16241.024467037152 101461.46041153806 84135.517852467106 21153.502825895939 38774.163690064575 43925.664930776766 80121.526985006189 42718.596248400565 18209.932487863451 22383.562439666857 21153.502825895939
A 7 10 3381.3604745194898 205719.07830198365 186126.67123427481 65824.243505761027 25341.008021051952 29473.849175407522 199496.21048386773 20576.455964711808 3987.1700661452978 21153.502825895939 65825.243505761013
A 8 0 24542.499885440928 33898.887892972984 27572.150674680019 3278.0463341496829 39627.923959421802 51880.753924074401 1925.4245038513222 51708.12692637914 26967.616179262441 16423.983053869881 3278.0463341496829
A 8 1 33898.887892972984 765180.7243286185 675455.52980112692 205596.41144362293 130018.36388977732 153273.53548772441 711428.40096930065 135374.04541009184 38093.921438692916 102399.23706963922 205596.41144362293
A 8 2 27572.150674680019 675455.52980112692 604783.3836079149 185954.73463440378 101851.65971869441 128842.36376384682 629204.43809437566 112123.29388404224 31299.681536027409 84226.369967814346 185954.73463440378
A 8 3 3278.0463341496829 205596.41144362293 185954.73463440378 65785.305567018557 25275.190321556249 29372.055956980039 199482.87817199345 20464.517893253815 3777.8092940231741 21131.851618042452 65784.305567018571
A 8 4 39627.923959421802 130018.36388977732 101851.65971869441 25275.190321556249 85988.526092393222 95176.600557245605 80497.918923213205 92699.504320657477 43196.615100578951 39857.526167579083 25275.190321556249
A 8 5 51880.753924074401 153273.53548772441 128842.36376384682 29372.055956980039 95176.600557245605 122411.34714772984 82860.640414381429 118807.18743437243 57399.928484856988 45115.74683645615 29372.055956980039
A 8 6 1925.4245038513222 711428.40096930065 629204.43809437566 199482.87817199345 80497.918923213205 82860.640414381429 707729.65613101772 61062.65164627535 2041.8655008388007 80132.355024787423 199482.87817199345
A 8 7 51708.12692637914 135374.04541009184 112123.29388404224 20464.517893253815 92699.504320657477 118807.18743437243 61062.65164627535 162456.40503511953 57366.324301969573 43907.784838201478 20464.517893253815
A 8 8 26967.616179262441 38093.921438692916 31299.681536027409 3777.8092940231741 43196.615100578951 57399.928484856988 2041.8655008388007 57366.324301969573 29973.828683761461 18122.252516701741 3777.8092940231741
A 8 9 16423.983053869881 102399.23706963922 84226.369967814346 21131.851618042452 39857.526167579083 45115.74683645615 80132.355024787423 43907.784838201478 18122.252516701741 23154.740681177853 21131.851618042452
A 8 10 3278.0463341496829 205596.41144362293 185954.73463440378 65784.305567018571 25275.190321556249 29372.055956980039 199482.87817199345 20464.517893253815 3777.8092940231741 21131.851618042452 65785.305567018557
A 9 0 24542.499885441041 33898.887892972831 27572.150674680041 3278.0463341497216 39627.923959421496 51880.753924074328 1925.4245038513279 51708.126926378929 26967.616179264674 16423.983053869892 3278.0463341497216
A 9 1 33898.887892972831 765180.72432861861 675455.52980365057 205596.41144360846 130018.3638899387 153273.53548833283 711428.40096930088 135374.04541009141 38093.921438690028 102399.23706964089 205596.41144360846
A 9 2 27572.150674680041 675455.52980365057 604783.38361248316 185954.7346348259 101851.65971870055 128842.36376363612 629204.43809593539 112123.29388404434 31299.681536027594 84226.369967828883 185954.7346348259
A 9 3 3278.0463341497216 205596.41144360846 185954.7346348259 65785.305567054209 25275.190321566177 29372.055957035896 199482.87817197165 20464.517893254448 3777.8092940231377 21131.851618103155 65784.30556705418
A 9 4 39627.923959421496 130018.3638899387 101851.65971870055 25275.190321566177 85988.526091994412 95176.600556861056 80497.918923332472 92699.504320657914 43196.615100578274 39857.526167868302 25275.190321566177
A 9 5 51880.753924074328 153273.53548833283 128842.36376363612 29372.055957035896 95176.600556861056 122411.34714796029 82860.640414628258 118807.18743437369 57399.92848485797 45115.746836547827 29372.055957035896
A 9 6 1925.4245038513279 711428.40096930088 629204.43809593539 199482.87817197165 80497.918923332472 82860.640414628258 707729.65613101737 61062.65164627535 2041.8655008385808 80132.355024806471 199482.87817197165
A 9 7 51708.126926378929 135374.04541009141 112123.29388404434 20464.517893254448 92699.504320657914 118807.18743437369 61062.65164627535 162456.40503511892 57366.324301971254 43907.784838201522 20464.517893254448
A 9 8 26967.616179264674 38093.921438690028 31299.681536027594 3777.8092940231377 43196.615100578274 57399.92848485797 2041.8655008385808 57366.324301971254 29973.828683769963 18122.252516701636 3777.8092940231377
A 9 9 16423.983053869892 102399.23706964089 84226.369967828883 21131.851618103155 39857.526167868302 45115.746836547827 80132.355024806471 43907.784838201522 18122.252516701636 23154.740681255294 21131.851618103155
A 9 10 3278.0463341497216 205596.41144360846 185954.7346348259 65784.30556705418 25275.190321566177 29372.055957035896 199482.87817197165 20464.517893254448 3777.8092940231377 21131.851618103155 65785.305567054209
A 10 0 23938.219193632012 33864.523412372946 27177.03645641667 3163.7265692892634 39180.884476078776 51622.847251592604 1860.394958337718 51330.833922478552 25994.911609751965 16521.890647721917 3163.7265692892634
A 10 1 33864.523412372946 765843.73398162879 675312.57915045368 205457.30892239331 130905.33811856575 154612.97383315692 711449.1314804639 136372.96048236766 37626.195371748654 103043.14432406462 205457.30892239331
A 10 2 27177.03645641667 675312.57915045368 604295.85362616275 185759.47627611482 101783.081179512 129178.30074751419 629161.01570920658 112103.36915263972 30503.871762564089 84314.741733310409 185759.47627611482
A 10 3 3163.7265692892634 205457.30892239331 185759.47627611482 65741.206177440021 25217.39034439456 29274.943610293372 199475.08707393135 20325.004088240268 3607.0901723916659 21103.941606706034 65740.206177440006
A 10 4 39180.884476078776 130905.33811856575 101783.081179512 25217.39034439456 86311.560140568763 95820.738317742522 80491.685041490768 93227.253254611642 42233.22636292893 40578.993878438487 25217.39034439456
A 10 5 51622.847251592604 154612.97383315692 129178.30074751419 29274.943610293372 95820.738317742522 124016.2574789683 82809.7824133104 120159.46568756523 56461.129604984075 45995.269183951714 29274.943610293372
A 10 6 1860.394958337718 711449.1314804639 629161.01570920658 199475.08707393135 80491.685041490768 82809.7824133104 707716.41349239834 61050.190683601315 1949.2591785416196 80141.729503642375 199475.08707393135
A 10 7 51330.833922478552 136372.96048236766 112103.36915263972 20325.004088240268 93227.253254611642 120159.46568756523 61050.190683601315 163427.03163610032 56312.262590851737 44716.020772901727 20325.004088240268
A 10 8 25994.911609751965 37626.195371748654 30503.871762564089 3607.0901723916659 42233.22636292893 56461.129604984075 1949.2591785416196 56312.262590851737 28520.304650486687 18026.467404252027 3607.0901723916659
A 10 9 16521.890647721917 103043.14432406462 84314.741733310409 21103.941606706034 40578.993878438487 45995.269183951714 80141.729503642375 44716.020772901727 18026.467404252027 23672.074397333461 21103.941606706034
A 10 10 3163.7265692892634 205457.30892239331 185759.47627611482 65740.206177440006 25217.39034439456 29274.943610293372 199475.08707393135 20325.004088240268 3607.0901723916659 21103.941606706034 65741.206177440021
A 11 0 23938.219193632092 33864.523412373055 27177.036456416696 3163.7265692892843 39180.884476079184 51622.847251592502 1860.3949583377162 51330.833922478661 25994.911609753031 16521.89064772179 3163.7265692892843
A 11 1 33864.523412373055 765843.73398162867 675312.57915316534 205457.30892203475 130905.33811827842 154612.97383360672 711449.13148046448 136372.96048236892 37626.195371753543 103043.14432407499 205457.30892203475
A 11 2 27177.036456416696 675312.57915316534 604295.85362691467 185759.47627602305 101783.08117967706 129178.30074729277 629161.015710123 112103.36915264715 30503.871762564151 84314.741733480376 185759.47627602305
A 11 3 3163.7265692892843 205457.30892203475 185759.47627602305 65741.206177389729 25217.390344449585 29274.943610361359 199475.08707390376 20325.004088240446 3607.0901723917805 21103.94160667323 65740.206177389729
A 11 4 39180.884476079184 130905.33811827842 101783.08117967706 25217.390344449585 86311.560140764515 95820.738317648022 80491.685041524979 93227.253254611205 42233.226362929527 40578.993878314039 25217.390344449585
A 11 5 51622.847251592502 154612.97383360672 129178.30074729277 29274.943610361359 95820.738317648022 124016.25747937711 82809.782413249268 120159.46568756949 56461.129604983907 45995.269183915618 29274.943610361359
A 11 6 1860.3949583377162 711449.13148046448 629161.015710123 199475.08707390376 80491.685041524979 82809.782413249268 707716.41349239787 61050.190683600813 1949.2591785412742 80141.729503563969 199475.08707390376
A 11 7 51330.833922478661 136372.96048236892 112103.36915264715 20325.004088240446 93227.253254611205 120159.46568756949 61050.190683600813 163427.03163610035 56312.262590850907 44716.020772901888 20325.004088240446
A 11 8 25994.911609753031 37626.195371753543 30503.871762564151 3607.0901723917805 42233.226362929527 56461.129604983907 1949.2591785412742 56312.262590850907 28520.304650493927 18026.46740425246 3607.0901723917805
A 11 9 16521.89064772179 103043.14432407499 84314.741733480376 21103.94160667323 40578.993878314039 45995.269183915618 80141.729503563969 44716.020772901888 18026.46740425246 23672.074397381512 21103.94160667323
A 11 10 3163.7265692892843 205457.30892203475 185759.47627602305 65740.206177389729 25217.390344449585 29274.943610361359 199475.08707390376 20325.004088240446 3607.0901723917805 21103.94160667323 65741.206177389729
A 12 0 18558.201274170216 32760.153826129699 24810.379203462431 3118.6115390905652 33179.605691450459 43923.64732327091 1748.4466632790979 45823.730381634457 19276.58856957954 16054.321497269581 3118.6115390905652
A 12 1 32760.153826129699 774001.49107357755 676729.7911683711 205746.34428720825 137198.44445672777 158958.02152013051 711494.13569393475 144677.16127586845 34436.463484367581 108963.6906575047 205746.34428720825
A 12 2 24810.379203462431 676729.7911683711 603399.05359894526 185921.86066207336 100901.20972045371 125277.57351871001 629092.69249062985 112868.2281543467 26121.768742078533 85455.754714426279 185921.86066207336
A 12 3 3118.6115390905652 205746.34428720825 185921.86066207336 65815.806791062379 25210.857535781772 28948.240293524352 199487.90180413838 20709.479107479317 3302.9594169784332 21212.724368646759 65814.806791062394
A 12 4 33179.605691450459 137198.44445672777 100901.20972045371 25210.857535781772 86728.6291011024 95255.986955925604 80454.046434492819 94283.457231773849 34458.39079104687 45666.103681001019 25210.857535781772
A 12 5 43923.64732327091 158958.02152013051 125277.57351871001 28948.240293524352 95255.986955925604 119278.06563851477 82617.555352283831 119644.65630805262 45822.293487737305 50803.822432685112 28948.240293524352
A 12 6 1748.4466632790979 711494.13569393475 629092.69249062985 199487.90180413838 80454.046434492819 82617.555352283831 707718.42492254626 61060.675263680947 1727.5293154515859 80219.340794336706 199487.90180413838
A 12 7 45823.730381634457 144677.16127586845 112868.2281543467 20709.479107479317 94283.457231773849 119644.65630805262 61060.675263680947 167585.29090695138 47972.18276208936 50435.669527724749 20709.479107479317
A 12 8 19276.58856957954 34436.463484367581 26121.768742078533 3302.9594169784332 34458.39079104687 45822.293487737305 1727.5293154515859 47972.18276208936 20203.390693066558 16785.075160351091 3302.9594169784332
A 12 9 16054.321497269581 108963.6906575047 85455.754714426279 21212.724368646759 45666.103681001019 50803.822432685112 80219.340794336706 50435.669527724749 16785.075160351091 28078.575987656775 21212.724368646759
A 12 10 3118.6115390905652 205746.34428720825 185921.86066207336 65814.806791062394 25210.857535781772 28948.240293524352 199487.90180413838 20709.479107479317 3302.9594169784332 21212.724368646759 65815.806791062379
A 13 0 18558.201274170166 32760.153826129761 24810.379203462515 3118.6115390905707 33179.605691450612 43923.647323270925 1748.4466632790989 45823.730381634567 19276.588569579038 16054.32149726956 3118.6115390905707
A 13 1 32760.153826129761 774001.4910735772 676729.79117156193 205746.34428696768 137198.4444566954 158958.02152039902 711494.13569393544 144677.16127587098 34436.463484366293 108963.69065757841 205746.34428696768
A 13 2 24810.379203462515 676729.79117156193 603399.05359741743 185921.86066232153 100901.20972049089 125277.57351887063 629092.69249108504 112868.22815434211 26121.768742078395 85455.754714576266 185921.86066232153
A 13 3 3118.6115390905707 205746.34428696768 185921.86066232153 65815.806791304844 25210.857535796164 28948.240293579482 199487.90180412732 20709.479107479558 3302.9594169784536 21212.724368693074 65814.806791304829
A 13 4 33179.605691450612 137198.4444566954 100901.20972049089 25210.857535796164 86728.629101218132 95255.986956046472 80454.04643459394 94283.457231773966 34458.390791044483 45666.103680944107 25210.857535796164
A 13 5 43923.647323270925 158958.02152039902 125277.57351887063 28948.240293579482 95255.986956046472 119278.06563850654 82617.555352353098 119644.65630805999 45822.293487735384 50803.822432605179 28948.240293579482
A 13 6 1748.4466632790989 711494.13569393544 629092.69249108504 199487.90180412732 80454.04643459394 82617.555352353098 707718.42492254637 61060.675263680401 1727.5293154516639 80219.340794418094 199487.90180412732
A 13 7 45823.730381634567 144677.16127587098 112868.22815434211 20709.479107479558 94283.457231773966 119644.65630805999 61060.675263680401 167585.29090695374 47972.182762087352 50435.669527724298 20709.479107479558
A 13 8 19276.588569579038 34436.463484366293 26121.768742078395 3302.9594169784536 34458.390791044483 45822.293487735384 1727.5293154516639 47972.182762087352 20203.390693066831 16785.075160351043 3302.9594169784536
A 13 9 16054.32149726956 108963.69065757841 85455.754714576266 21212.724368693074 45666.103680944107 50803.822432605179 80219.340794418094 50435.669527724298 16785.075160351043 28078.575987686883 21212.724368693074
A 13 10 3118.6115390905707 205746.34428696768 185921.86066232153 65814.806791304829 25210.857535796164 28948.240293579482 199487.90180412732 20709.479107479558 3302.9594169784536 21212.724368693074 65815.806791304844
A 14 0 17860.371322497027 32574.602854441728 24333.684685524175 2997.2840924467741 32571.672288561513 43402.100910054047 1694.6303840782234 45294.381946084759 18246.588138512587 16040.775518772765 2997.2840924467741
A 14 1 32574.602854441728 775212.42296862474 676684.12759601558 205587.5016309724 138388.89549523543 160662.67620154962 711484.89575020806 146265.78663384888 33673.851907018543 109999.41838409677 205587.5016309724
A 14 2 24333.684685524175 676684.12759601558 602904.2904028499 185699.80447392521 100866.92325631808 125607.08465955505 629032.9516205024 113066.88596655542 25161.723131897987 85596.368836485461 185699.80447392521
A 14 3 2997.2840924467741 205587.5016309724 185699.80447392521 65756.647717059808 25158.496695003098 28862.613376901027 199467.28899495731 20581.083804203907 3116.1255313742099 21185.828600861856 65755.647717059852
A 14 4 32571.672288561513 138388.89549523543 100866.92325631808 25158.496695003098 87152.788671936403 95991.429186928246 80451.913682877057 95043.849890088663 33325.594515530895 46620.216710981374 25158.496695003098
A 14 5 43402.100910054047 160662.67620154962 125607.08465955505 28862.613376901027 95991.429186928246 120838.82652859723 82612.144701871599 121297.03484917943 44559.174466674929 51941.090730703872 28862.613376901027
A 14 6 1694.6303840782234 711484.89575020806 629032.9516205024 199467.28899495731 80451.913682877057 82612.144701871599 707710.7146095963 61039.672486757947 1648.0055457416959 80228.985561080306 199467.28899495731
A 14 7 45294.381946084759 146265.78663384888 113066.88596655542 20581.083804203907 95043.849890088663 121297.03484917943 61039.672486757947 169223.42566344689 46647.878346591722 51571.448578930744 20581.083804203907
A 14 8 18246.588138512587 33673.851907018543 25161.723131897987 3116.1255313742099 33325.594515530895 44559.174466674929 1648.0055457416959 46647.878346591722 18789.910756796016 16516.633496865979 3116.1255313742099
A 14 9 16040.775518772765 109999.41838409677 85596.368836485461 21185.828600861856 46620.216710981374 51941.090730703872 80228.985561080306 51571.448578930744 16516.633496865979 28894.941929152941 21185.828600861856
A 14 10 2997.2840924467741 205587.5016309724 185699.80447392521 65755.647717059852 25158.496695003098 28862.613376901027 199467.28899495731 20581.083804203907 3116.1255313742099 21185.828600861856 65756.647717059808
A 15 0 17860.371322497038 32574.602854441771 24333.684685524142 2997.2840924467259 32571.67228856148 43402.100910054331 1694.630384078225 45294.38194608481 18246.588138511543 16040.775518772782 2997.2840924467259
A 15 1 32574.602854441771 775212.42296862486 676684.12759882084 205587.50163102068 138388.89549501677 160662.67620182806 711484.89575020841 146265.78663387347 33673.851907018965 109999.41838416658 205587.50163102068
A 15 2 24333.684685524142 676684.12759882084 602904.29040365911 185699.80447427806 100866.92325636752 125607.08465954622 629032.95162083814 113066.88596655709 25161.723131898048 85596.368836796712 185699.80447427806
A 15 3 2997.2840924467259 205587.50163102068 185699.80447427806 65756.647717009255 25158.496694995269 28862.613376871857 199467.2889949005 20581.083804204351 3116.1255313742022 21185.828600918136 65755.647717009168
A 15 4 32571.67228856148 138388.89549501677 100866.92325636752 25158.496694995269 87152.78867120677 95991.429186369031 80451.913682836486 95043.849890078753 33325.594515531098 46620.216711122936 25158.496694995269
A 15 5 43402.100910054331 160662.67620182806 125607.08465954622 28862.613376871857 95991.429186369031 120838.82652878712 82612.144701726866 121297.03484917732 44559.174466673641 51941.09073070094 28862.613376871857
A 15 6 1694.630384078225 711484.89575020841 629032.95162083814 199467.2889949005 80451.913682836486 82612.144701726866 707710.71460959618 61039.672486757903 1648.0055457417152 80228.985561060661 199467.2889949005
A 15 7 45294.38194608481 146265.78663387347 113066.88596655709 20581.083804204351 95043.849890078753 121297.03484917732 61039.672486757903 169223.42566344346 46647.878346591016 51571.448578930853 20581.083804204351
A 15 8 18246.588138511543 33673.851907018965 25161.723131898048 3116.1255313742022 33325.594515531098 44559.174466673641 1648.0055457417152 46647.878346591016 18789.910756792458 16516.633496865968 3116.1255313742022
A 15 9 16040.775518772782 109999.41838416658 85596.368836796712 21185.828600918136 46620.216711122936 51941.09073070094 80228.985561060661 51571.448578930853 16516.633496865968 28894.941929180975 21185.828600918136
A 15 10 2997.2840924467259 205587.50163102068 185699.80447427806 65755.647717009168 25158.496694995269 28862.613376871857 199467.2889949005 20581.083804204351 3116.1255313742022 21185.828600918136 65756.647717009255
A 16 0 17291.341365651107 32383.743889949092 23863.208966168091 2866.6004248467357 32156.575223586773 43186.895864095924 1663.8736173703248 44824.345040567634 17441.542216082198 16047.124915242301 2866.6004248467357
A 16 1 32383.743889949092 776198.17085445626 676562.5519275791 205405.57673921107 139440.75084210775 162468.82967931274 711496.3010930469 147519.72935728941 33063.132369619612 110868.43060341287 205405.57673921107
A 16 2 23863.208966168091 676562.5519275791 602413.03410106793 185465.26334254051 100838.92739820183 126220.5962336747 629008.50552576 113046.44648532002 24384.317564067183 85662.324554651976 185465.26334254051
A 16 3 2866.6004248467357 205405.57673921107 185465.26334254051 65697.586619546855 25095.112872867689 28786.791614640999 199454.97808416275 20390.843270087018 2947.857316318692 21144.518234366395 65696.586619546855
A 16 4 32156.575223586773 139440.75084210775 100838.92739820183 25095.112872867689 87643.035083280658 96934.396310510172 80460.71758403194 95819.135715678902 32478.795058979973 47481.143637770292 25095.112872867689
A 16 5 43186.895864095924 162468.82967931274 126220.5962336747 28786.791614640999 96934.396310510172 123063.63183794037 82640.986463594134 123194.14097797 43782.351002430725 53033.603940606059 28786.791614640999
A 16 6 1663.8736173703248 711496.3010930469 629008.50552576 199454.97808416275 80460.71758403194 82640.986463594134 707714.21629232285 61043.947107966786 1598.3232746019219 80241.47606331094 199454.97808416275
A 16 7 44824.345040567634 147519.72935728941 113046.44648532002 20390.843270087018 95819.135715678902 123194.14097797 61043.947107966786 170539.81143867024 45583.817141010215 52551.791338801835 20390.843270087018
A 16 8 17441.542216082198 33063.132369619612 24384.317564067183 2947.857316318692 32478.795058979973 43782.351002430725 1598.3232746019219 45583.817141010215 17731.671105989382 16309.037652340246 2947.857316318692
A 16 9 16047.124915242301 110868.43060341287 85662.324554651976 21144.518234366395 47481.143637770292 53033.603940606059 80241.47606331094 52551.791338801835 16309.037652340246 29612.324023056382 21144.518234366395
A 16 10 2866.6004248467357 205405.57673921107 185465.26334254051 65696.586619546855 25095.112872867689 28786.791614640999 199454.97808416275 20390.843270087018 2947.857316318692 21144.518234366395 65697.586619546855
A 17 0 17291.341365651009 32383.743889949186 23863.208966168058 2866.6004248466766 32156.575223586875 43186.895864094986 1663.8736173703223 44824.345040567809 17441.54221608334 16047.124915242233 2866.6004248466766
A 17 1 32383.743889949186 776198.17085445661 676562.5519289833 205405.57673951122 139440.75084270781 162468.82967919169 711496.30109304702 147519.72935731278 33063.132369618994 110868.43060349663 205405.57673951122
A 17 2 23863.208966168058 676562.5519289833 602413.03409626451 185465.26334235753 100838.92739827558 126220.59623388869 629008.50552587945 113046.44648532009 24384.317564067227 85662.324554702034 185465.26334235753
A 17 3 2866.6004248466766 205405.57673951122 185465.26334235753 65697.58661970112 25095.112872912545 28786.791614691789 199454.97808421231 20390.843270086887 2947.8573163185124 21144.518234357878 65696.586619701149
A 17 4 32156.575223586875 139440.75084270781 100838.92739827558 25095.112872912545 87643.035083007024 96934.396310556447 80460.717584121012 95819.135715677752 32478.79505898244 47481.14363768699 25095.112872912545
A 17 5 43186.895864094986 162468.82967919169 126220.59623388869 28786.791614691789 96934.396310556447 123063.6318381301 82640.986463750509 123194.14097797826 43782.351002431751 53033.603940578956 28786.791614691789
A 17 6 1663.8736173703223 711496.30109304702 629008.50552587945 199454.97808421231 80460.717584121012 82640.986463750509 707714.2162923225 61043.947107966756 1598.3232746019416 80241.47606335787 199454.97808421231
A 17 7 44824.345040567809 147519.72935731278 113046.44648532009 20390.843270086887 95819.135715677752 123194.14097797826 61043.947107966756 170539.81143867076 45583.817141012703 52551.791338802366 20390.843270086887
A 17 8 17441.54221608334 33063.132369618994 24384.317564067227 2947.8573163185124 32478.79505898244 43782.351002431751 1598.3232746019416 45583.817141012703 17731.671105989921 16309.037652340465 2947.8573163185124
A 17 9 16047.124915242233 110868.43060349663 85662.324554702034 21144.518234357878 47481.14363768699 53033.603940578956 80241.47606335787 52551.791338802366 16309.037652340465 29612.324022971421 21144.518234357878
A 17 10 2866.6004248466766 205405.57673951122 185465.26334235753 65696.586619701149 25095.112872912545 28786.791614691789 199454.97808421231 20390.843270086887 2947.8573163185124 21144.518234357878 65697.58661970112
A 18 0 24678.089942772793 33916.777389172363 27800.207529388557 3354.1680061732632 39627.729931647649 51578.060966852856 1920.7643373340857 51711.023187527797 26953.825158489937 16342.473341431321 3354.1680061732632
A 18 1 33916.777389172363 764927.35527888837 675602.61021636508 205722.40895879487 129635.71258507459 152249.95804597574 711449.77580734936 134849.12031264431 37932.22599028152 102115.76137368086 205722.40895879487
A 18 2 27800.207529388557 675602.61021636508 605099.83913402632 186111.12509559491 101922.69232937948 128235.826841253 629226.65813042771 112150.17273100725 31365.603632770453 84218.878471425938 186111.12509559491
A 18 3 3354.1680061732632 205722.40895879487 186111.12509559491 65827.510491589172 25316.000988542608 29377.087803772221 199494.01778118138 20577.519361819421 3838.7544069156111 21156.404616340555 65826.51049158923
A 18 4 39627.729931647649 129635.71258507459 101922.69232937948 25316.000988542608 85702.896275001549 94541.998038968595 80489.335604660402 92255.032069380613 42979.876848017862 39510.137002865536 25316.000988542608
A 18 5 51578.060966852856 152249.95804597574 128235.826841253 29377.087803772221 94541.998038968595 120489.87051926738 82804.637705761575 117489.45201979369 56720.215290846048 44595.240895635638 29377.087803772221
A 18 6 1920.7643373340857 711449.77580734936 629226.65813042771 199494.01778118138 80489.335604660402 82804.637705761575 707729.14913289947 61064.474557605128 2013.9147116564645 80128.669118676102 199494.01778118138
A 18 7 51711.023187527797 134849.12031264431 112150.17273100725 20577.519361819421 92255.032069380613 117489.45201979369 61064.474557605128 161655.93659917734 57090.869770537043 43488.433367026992 20577.519361819421
A 18 8 26953.825158489937 37932.22599028152 31365.603632770453 3838.7544069156111 42979.876848017862 56720.215290846048 2013.9147116564645 57090.869770537043 29721.143539912122 17958.372476343538 3838.7544069156111
A 18 9 16342.473341431321 102115.76137368086 84218.878471425938 21156.404616340555 39510.137002865536 44595.240895635638 80128.669118676102 43488.433367026992 17958.372476343538 22910.866420657563 21156.404616340555
A 18 10 3354.1680061732632 205722.40895879487 186111.12509559491 65826.51049158923 25316.000988542608 29377.087803772221 199494.01778118138 20577.519361819421 3838.7544069156111 21156.404616340555 65827.510491589172
A 19 0 24678.089942772818 33916.777389172377 27800.207529388579 3354.1680061732686 39627.729931647664 51578.060966852849 1920.7643373340891 51711.023187527811 26953.825158489934 16342.473341431361 3354.1680061732686
A 19 1 33916.777389172377 764927.35527888767 675602.61021388974 205722.40895843622 129635.71258505728 152249.95804613159 711449.77580734785 134849.12031264379 37932.22599028462 102115.76137363644 205722.40895843622
A 19 2 27800.207529388579 675602.61021388974 605099.83913468115 186111.12509572037 101922.69232943791 128235.82684132751 629226.65812810243 112150.17273100666 31365.60363277049 84218.878471370539 186111.12509572037
A 19 3 3354.1680061732686 205722.40895843622 186111.12509572037 65827.510491621098 25316.000988572294 29377.087803843136 199494.01778101921 20577.519361819588 3838.7544069156083 21156.404616298765 65826.510491621098
A 19 4 39627.729931647664 129635.71258505728 101922.69232943791 25316.000988572294 85702.896275162129 94541.998038706704 80489.335604960215 92255.032069368273 42979.876848018532 39510.137002787618 25316.000988572294
A 19 5 51578.060966852849 152249.95804613159 128235.82684132751 29377.087803843136 94541.998038706704 120489.87051918937 82804.637705963163 117489.4520197931 56720.215290845998 44595.24089576301 29377.087803843136
A 19 6 1920.7643373340891 711449.77580734785 629226.65812810243 199494.01778101921 80489.335604960215 82804.637705963163 707729.14913289889 61064.474557605135 2013.9147116564536 80128.669118555816 199494.01778101921
A 19 7 51711.023187527811 134849.12031264379 112150.17273100666 20577.519361819588 92255.032069368273 117489.4520197931 61064.474557605135 161655.93659917594 57090.869770537029 43488.433367028352 20577.519361819588
A 19 8 26953.825158489934 37932.22599028462 31365.60363277049 3838.7544069156083 42979.876848018532 56720.215290845998 2013.9147116564536 57090.869770537029 29721.143539912151 17958.372476343517 3838.7544069156083
A 19 9 16342.473341431361 102115.76137363644 84218.878471370539 21156.404616298765 39510.137002787618 44595.24089576301 80128.669118555816 43488.433367028352 17958.372476343517 22910.866420627255 21156.404616298765
A 19 10 3354.1680061732686 205722.40895843622 186111.12509572037 65826.510491621098 25316.000988572294 29377.087803843136 199494.01778101921 20577.519361819588 3838.7544069156083 21156.404616298765 65827.510491621098
A 20 0 24239.891800347905 33895.591944919928 27377.580938100775 3251.9881406837058 39355.839377370547 51423.482184945351 1879.7255779297816 51529.885199667435 26206.936456096792 16478.25440792763 3251.9881406837058
A 20 1 33895.591944919928 765469.92430981796 675396.14021008834 205585.51974978505 130325.55400302983 153354.89991226888 711423.51000057952 135807.78591170354 37508.874735547855 102680.00592511999 205585.51974978505
A 20 2 27377.580938100775 675396.14021008834 604571.08510852396 185924.25276264912 101701.72963165073 128336.09058950037 629162.13569370029 112102.15278551557 30544.17322552 84259.71559148145 185924.25276264912
A 20 3 3251.9881406837058 205585.51974978505 185924.25276264912 65782.495121514628 25259.180932584142 29291.525149482262 199479.42004187731 20462.417823650241 3675.6185986991386 21131.6513401169 65781.495121514628
A 20 4 39355.839377370547 130325.55400302983 101701.72963165073 25259.180932584142 86001.035706319846 95097.537570141081 80481.211993274963 92795.600146555851 42302.341595214653 40159.197444691548 25259.180932584142
A 20 5 51423.482184945351 153354.89991226888 128336.09058950037 29291.525149482262 95097.537570141081 121805.70608685717 82779.719828986417 118775.60098104637 56015.394872659948 45392.942669983859 29291.525149482262
A 20 6 1879.7255779297816 711423.51000057952 629162.13569370029 199479.42004187731 80481.211993274963 82779.719828986417 707722.84041979583 61036.976666964278 1944.8081457257292 80132.535438668565 199479.42004187731
A 20 7 51529.885199667435 135807.78591170354 112102.15278551557 20462.417823650241 92795.600146555851 118775.60098104637 61036.976666964278 162828.74674395405 56334.827675535802 44265.291887158266 20462.417823650241
A 20 8 26206.936456096792 37508.874735547855 30544.17322552 3675.6185986991386 42302.341595214653 56015.394872659948 1944.8081457257292 56334.827675535802 28577.540029027157 17937.725073639034 3675.6185986991386
A 20 9 16478.25440792763 102680.00592511999 84259.71559148145 21131.6513401169 40159.197444691548 45392.942669983859 80132.535438668565 44265.291887158266 17937.725073639034 23383.925927655546 21131.6513401169
A 20 10 3251.9881406837058 205585.51974978505 185924.25276264912 65781.495121514628 25259.180932584142 29291.525149482262 199479.42004187731 20462.417823650241 3675.6185986991386 21131.6513401169 65782.495121514628
A 21 0 24239.891800347923 33895.591944920088 27377.580938100349 3251.9881406837085 39355.839377370299 51423.482184945176 1879.7255779297786 51529.885199667122 26206.936456098207 16478.254407927667 3251.9881406837085
A 21 1 33895.591944920088 765469.92430981819 675396.14021092234 205585.51974971857 130325.55400263936 153354.89991245366 711423.51000058046 135807.78591168232 37508.874735545542 102680.00592511488 205585.51974971857
A 21 2 27377.580938100349 675396.14021092234 604571.08511416987 185924.25276296993 101701.72963184091 128336.09058951968 629162.13569545303 112102.15278551941 30544.173225519844 84259.715591384142 185924.25276296993
A 21 3 3251.9881406837085 205585.51974971857 185924.25276296993 65782.495121307875 25259.180932623527 29291.525149466957 199479.42004180187 20462.417823650208 3675.6185986992195 21131.651340181696 65781.495121307875
A 21 4 39355.839377370299 130325.55400263936 101701.72963184091 25259.180932623527 86001.03570567623 95097.537569665947 80481.21199334992 92795.600146545665 42302.341595215759 40159.197444931451 25259.180932623527
A 21 5 51423.482184945176 153354.89991245366 128336.09058951968 29291.525149466957 95097.537569665947 121805.70608684128 82779.719829161986 118775.60098103582 56015.394872660254 45392.942670094795 29291.525149466957
A 21 6 1879.7255779297786 711423.51000058046 629162.13569545303 199479.42004180187 80481.21199334992 82779.719829161986 707722.84041979595 61036.976666963863 1944.8081457254066 80132.535438638166 199479.42004180187
A 21 7 51529.885199667122 135807.78591168232 112102.15278551941 20462.417823650208 92795.600146545665 118775.60098103582 61036.976666963863 162828.74674394858 56334.827675536239 44265.29188715807 20462.417823650208
A 21 8 26206.936456098207 37508.874735545542 30544.173225519844 3675.6185986992195 42302.341595215759 56015.394872660254 1944.8081457254066 56334.827675536239 28577.540029034928 17937.725073638499 3675.6185986992195
A 21 9 16478.254407927667 102680.00592511488 84259.715591384142 21131.651340181696 40159.197444931451 45392.942670094795 80132.535438638166 44265.29188715807 17937.725073638499 23383.925927663404 21131.651340181696
A 21 10 3251.9881406837085 205585.51974971857 185924.25276296993 65781.495121307875 25259.180932623527 29291.525149466957 199479.42004180187 20462.417823650208 3675.6185986992195 21131.651340181696 65782.495121307875
A 22 0 23638.829313206403 33828.861090871593 27042.177922642019 3162.4501579943076 38890.549067323605 51122.692401664302 1845.6726572106256 51038.95543982189 25459.707139195143 16507.712094478651 3162.4501579943076
A 22 1 33828.861090871593 766195.44850505679 675416.85321541259 205486.27246001657 131148.01455309105 154605.95306733082 711446.48689473909 136680.16643290568 37265.086131009899 103257.74107805625 205486.27246001657
A 22 2 27042.177922642019 675416.85321541259 604307.89963130327 185784.04059031769 101719.00473572791 128765.26603731935 629150.49547117285 112088.71129276237 30017.195130499378 84348.206300174381 185784.04059031769
A 22 3 3162.4501579943076 205486.27246001657 185784.04059031769 65748.083048389162 25219.266379792349 29239.321723995286 199474.01477939644 20346.062536376285 3554.8717940550036 21109.362558048317 65747.083048389148
A 22 4 38890.549067323605 131148.01455309105 101719.00473572791 25219.266379792349 86273.171705505927 95653.595410628797 80483.387344161893 93203.593306681272 41680.423092912955 40771.574197286369 25219.266379792349
A 22 5 51122.692401664302 154605.95306733082 128765.26603731935 29239.321723995286 95653.595410628797 123222.41457210161 82782.872416661747 119825.39101589061 55487.63101453329 46128.931872488611 29239.321723995286
A 22 6 1845.6726572106256 711446.48689473909 629150.49547117285 199474.01477939644 80483.387344161893 82782.872416661747 707716.51355025498 61036.660053055333 1901.1277244562764 80141.575612517656 199474.01477939644
A 22 7 51038.95543982189 136680.16643290568 112088.71129276237 20346.062536376285 93203.593306681272 119825.39101589061 61036.660053055333 163465.56923808708 55588.500447949038 44921.023252873609 20346.062536376285
A 22 8 25459.707139195143 37265.086131009899 30017.195130499378 3554.8717940550036 41680.423092912955 55487.63101453329 1901.1277244562764 55588.500447949038 27655.723707851343 17905.19386705738 3554.8717940550036
A 22 9 16507.712094478651 103257.74107805625 84348.206300174381 21109.362558048317 40771.574197286369 46128.931872488611 80141.575612517656 44921.023252873609 17905.19386705738 23830.427312170683 21109.362558048317
A 22 10 3162.4501579943076 205486.27246001657 185784.04059031769 65747.083048389148 25219.266379792349 29239.321723995286 199474.01477939644 20346.062536376285 3554.8717940550036 21109.362558048317 65748.083048389162
A 23 0 23638.829313206403 33828.86109087168 27042.177922642648 3162.4501579942839 38890.549067323875 51122.692401664215 1845.6726572106215 51038.955439821904 25459.707139194179 16507.712094478473 3162.4501579942839
A 23 1 33828.86109087168 766195.44850505609 675416.85321667255 205486.27245984148 131148.0145527701 154605.95306737293 711446.48689473968 136680.16643289014 37265.086131010547 103257.74107804934 205486.27245984148
A 23 2 27042.177922642648 675416.85321667255 604307.89963354019 185784.04059035855 101719.00473578826 128765.2660377002 629150.49547372968 112088.71129275899 30017.195130499022 84348.206300257705 185784.04059035855
A 23 3 3162.4501579942839 205486.27245984148 185784.04059035855 65748.083048407178 25219.266379782108 29239.321723991608 199474.01477930599 20346.062536375863 3554.8717940549805 21109.362558066008 65747.083048407076
A 23 4 38890.549067323875 131148.0145527701 101719.00473578826 25219.266379782108 86273.171705813438 95653.595410555805 80483.387344257746 93203.593306682509 41680.423092912133 40771.57419696798 25219.266379782108
A 23 5 51122.692401664215 154605.95306737293 128765.2660377002 29239.321723991608 95653.595410555805 123222.41457176054 82782.872416733982 119825.39101588908 55487.63101453225 46128.931872481109 29239.321723991608
A 23 6 1845.6726572106215 711446.48689473968 629150.49547372968 199474.01477930599 80483.387344257746 82782.872416733982 707716.51355025452 61036.660053055355 1901.1277244565533 80141.575612575791 199474.01477930599
A 23 7 51038.955439821904 136680.16643289014 112088.71129275899 20346.062536375863 93203.593306682509 119825.39101588908 61036.660053055355 163465.56923809351 55588.500447947736 44921.023252873543 20346.062536375863
A 23 8 25459.707139194179 37265.086131010547 30017.195130499022 3554.8717940549805 41680.423092912133 55487.63101453225 1901.1277244565533 55588.500447947736 27655.723707846668 17905.193867057809 3554.8717940549805
A 23 9 16507.712094478473 103257.74107804934 84348.206300257705 21109.362558066008 40771.57419696798 46128.931872481109 80141.575612575791 44921.023252873543 17905.193867057809 23830.427312140582 21109.362558066008
A 23 10 3162.4501579942839 205486.27245984148 185784.04059035855 65747.083048407076 25219.266379782108 29239.321723991608 199474.01477930599 20346.062536375863 3554.8717940549805 21109.362558066008 65748.083048407178
b_rows 24
b 0 24316.433672643238 721761.46918708412 635669.95331633964 194852.97153739331 113628.82132320126 131973.34323603861 676074.35960598895 117506.38369323518 25706.624160790354 95230.205810210333 194852.97153739331
b 1 24316.433672643288 721761.46918564732 635669.95331698144 194852.97153741398 113628.82132342261 131973.34323621445 676074.35960469162 117506.38369323492 25706.624160790245 95230.205810207626 194852.97153741398
b 2 23895.689513121422 722154.71482977807 635145.43504447094 194650.07766486311 114193.52424890541 132710.85381008717 676040.21220282745 118109.79791604698 24743.645774543733 95790.586308850849 194650.07766486311
b 3 23895.689513121455 722154.71483005211 635145.43504443311 194650.07766496509 114193.52424894905 132710.85381002291 676040.21220343641 118109.79791604604 24743.645774543711 95790.586308868893 194650.07766496509
b 4 23360.824540160291 722199.58434190159 634236.12694677711 194358.80554219359 114719.35173864101 133363.94648226941 676002.95248802844 118381.02724842107 23841.691635754109 96282.800026769793 194358.80554219359
b 5 23360.82454016012 722199.58434238844 634236.12694694719 194358.80554227534 114719.35173851956 133363.94648223554 676002.9524882189 118381.02724842259 23841.691635754145 96282.800026769095 194358.80554227534
b 6 25363.976593681677 715761.1557643658 634985.3676362125 194808.82133451381 109129.50084939713 128450.77180228823 676077.08941625594 111073.37916031749 29083.822539008357 90753.579071612912 194808.82133451381
b 7 25363.976593681724 715761.15576361166 634985.36763656547 194808.82133454634 109129.50084924193 128450.77180222185 676077.08941548225 111073.37916031705 29083.822539008255 90753.579071596469 194808.82133454634
b 8 25137.195682050522 716115.11183899886 634489.96769838815 194654.68537421199 109756.00041956357 129044.36873819563 676037.28174003807 111648.64621990947 28248.796317252236 91294.208469998659 194654.68537421199
b 9 25137.19568205078 716115.11183837941 634489.9676992693 194654.68537423544 109756.00041954799 129044.36873823463 676037.28173983586 111648.64621991021 28248.796317252032 91294.208469779842 194654.68537423544
b 10 24849.621858166891 716158.68212666526 633948.30205660942 194480.61090219318 110114.89269224367 129493.01214136214 676021.60914590093 111835.8456683071 27598.024100810493 91602.432672823299 194480.61090219318
b 11 24849.621858166953 716158.68212566792 633948.30205614795 194480.61090208276 110114.8926922102 129493.01214122903 676021.60914598918 111835.84566830531 27598.024100810668 91602.432672716182 194480.61090208276
b 12 24223.13975810874 721930.8976935799 635712.47458572173 194880.78298970996 113641.68358548914 131844.43565790562 676103.09829691635 117645.69682844053 25429.481703575952 95287.800404950161 194880.78298970996
b 13 24223.139758108773 721930.89769418561 635712.47458592814 194880.78298973863 113641.68358562104 131844.43565814674 676103.09829688969 117645.69682844312 25429.48170357585 95287.800404998925 194880.78298973863
b 14 23834.399236458827 722287.5378111694 635200.01172023185 194676.17495271028 114210.92115367079 132548.07814090265 676055.31286545971 118205.62269949629 24596.049091454021 95831.011831544936 194676.17495271028
b 15 23834.399236458732 722287.53781011223 635200.01172084012 194676.17495281692 114210.92115356085 132548.07814076464 676055.31286454899 118205.62269949558 24596.049091453984 95831.01183151688 194676.17495281692
b 16 23365.85945525955 722331.44347631221 634464.6499901769 194437.65070872763 114613.09169519001 133138.75498925408 676027.38093841926 118293.67970838677 23821.125077092784 96219.893993291902 194437.65070872763
b 17 23365.859455259568 722331.44347740815 634464.64998930483 194437.65070860652 114613.09169529878 133138.75498958796 676027.38093951077 118293.67970838699 23821.125077092831 96219.893993331963 194437.65070860652
b 18 25277.19414705232 716224.72164065309 634955.62256126443 194814.3584121982 109495.38799635468 128488.33231506882 676066.98648119962 111548.0852116342 28249.892536867872 91144.304953472223 194814.3584121982
b 19 25277.19414705232 716224.72164052632 634955.62256159168 194814.35841203548 109495.38799638674 128488.33231511267 676066.98648177041 111548.08521163334 28249.892536867894 91144.30495346032 194814.35841203548
b 20 25094.613752564062 716320.36340154149 634457.11104522564 194648.98021936871 109909.16488027063 128987.84511047427 676024.14611770608 111933.65488132302 27729.657387690921 91472.047351939895 194648.98021936871
b 21 25094.613752564062 716320.36340176489 634457.11104633659 194648.98021920459 109909.16488021774 128987.84511034275 676024.14611761889 111933.65488132085 27729.657387690997 91472.04735182978 194648.98021920459
b 22 24800.961038999409 716411.63911940355 634039.35748263984 194507.46977849191 110228.42718702505 129403.46440465022 676013.825947445 112033.39331652194 27272.944439539635 91735.777153352246 194507.46977849191
b 23 24800.961038999318 716411.63912036968 634039.35748284112 194507.46977853013 110228.4271869083 129403.46440474637 676013.82594772242 112033.39331652496 27272.9444395395 91735.777153434523 194507.46977853013
end
